 0.0031250   0.00000000   0.08648572 
 0.0093750   0.00000000   0.08648572 
 0.0156250   0.00000000   0.08609860 
 0.0218750   0.00000000   0.08532781 
 0.0281250   0.00000000   0.08419350 
 0.0343750   0.00000000   0.08314891 
 0.0406250   0.00000000   0.08206716 
 0.0468750   0.00000000   0.08074598 
 0.0531250   0.00000000   0.07922468 
 0.0593750   0.00000000   0.07767763 
 0.0656250   0.00000000   0.07620100 
 0.0718750   0.00000000   0.07470220 
 0.0781250   0.00000000   0.07306993 
 0.0843750   0.00000000   0.07131284 
 0.0906250   0.00000000   0.06951387 
 0.0968750   0.00000000   0.06771044 
 0.1031250   0.00000000   0.06588407 
 0.1093750   0.00000000   0.06401001 
 0.1156250   0.00000000   0.06207548 
 0.1218750   0.00000000   0.06010110 
 0.1281250   0.00000000   0.05809907 
 0.1343750   0.00000000   0.05603861 
 0.1406250   0.00000000   0.05393246 
 0.1468750   0.00000000   0.05185150 
 0.1531250   0.00000000   0.04980496 
 0.1593750   0.00000000   0.04775118 
 0.1656250   0.00000000   0.04569575 
 0.1718750   0.00000000   0.04364616 
 0.1781250   0.00000000   0.04157675 
 0.1843750   0.00000000   0.03953105 
 0.1906250   0.00000000   0.03758071 
 0.1968750   0.00000000   0.03569655 
 0.2031250   0.00000000   0.03380778 
 0.2093750   0.00000000   0.03194086 
 0.2156250   0.00000000   0.03013918 
 0.2218750   0.00000000   0.02836433 
 0.2281250   0.00000000   0.02658304 
 0.2343750   0.00000000   0.02484850 
 0.2406250   0.00000000   0.02320326 
 0.2468750   0.00000000   0.02162845 
 0.2531250   0.00000000   0.02009849 
 0.2593750   0.00000000   0.01862984 
 0.2656250   0.00000000   0.01724484 
 0.2718750   0.00000000   0.01592346 
 0.2781250   0.00000000   0.01462557 
 0.2843750   0.00000000   0.01336007 
 0.2906250   0.00000000   0.01218647 
 0.2968750   0.00000000   0.01113094 
 0.3031250   0.00000000   0.01015172 
 0.3093750   0.00000000   0.00919745 
 0.3156250   0.00000000   0.00827082 
 0.3218750   0.00000000   0.00739921 
 0.3281250   0.00000000   0.00659293 
 0.3343750   0.00000000   0.00586261 
 0.3406250   0.00000000   0.00521328 
 0.3468750   0.00000000   0.00461370 
 0.3531250   0.00000000   0.00403518 
 0.3593750   0.00000000   0.00351020 
 0.3656250   0.00000000   0.00306207 
 0.3718750   0.00000000   0.00263982 
 0.3781250   0.00000000   0.00220723 
 0.3843750   0.00000000   0.00182697 
 0.3906250   0.00000000   0.00154322 
 0.3968750   0.00000000   0.00130386 
 0.4031250   0.00000000   0.00105977 
 0.4093750   0.00000000   0.00084450 
 0.4156250   0.00000000   0.00067559 
 0.4218750   0.00000000   0.00051976 
 0.4281250   0.00000000   0.00037072 
 0.4343750   0.00000000   0.00024730 
 0.4406250   0.00000000   0.00015228 
 0.4468750   0.00000000   0.00010009 
 0.4531250   0.00000000   0.00008429 
 0.4593750   0.00000000   0.00005328 
 0.4656250   0.00000000   0.00001947 
 0.4718750   0.00000000   0.00000875 
 0.4781250   0.00000000   0.00000552 
 0.4843750   0.00000000   0.00000440 
 0.4906250   0.00000000   0.00000408 
 0.4968750   0.00000000   0.00000420 
 0.0031250   0.09649926   0.25251970 
 0.0093750   0.09649926   0.25251970 
 0.0156250   0.09647510   0.25213233 
 0.0218750   0.09656736   0.25136055 
 0.0281250   0.09658217   0.25021773 
 0.0343750   0.09667696   0.24898768 
 0.0406250   0.09694640   0.24773397 
 0.0468750   0.09734392   0.24627774 
 0.0531250   0.09784941   0.24461789 
 0.0593750   0.09850834   0.24282286 
 0.0656250   0.09931911   0.24095871 
 0.0718750   0.10023974   0.23902097 
 0.0781250   0.10127653   0.23698575 
 0.0843750   0.10244484   0.23488247 
 0.0906250   0.10369275   0.23275211 
 0.0968750   0.10496758   0.23055591 
 0.1031250   0.10632097   0.22827316 
 0.1093750   0.10780359   0.22600080 
 0.1156250   0.10937575   0.22382958 
 0.1218750   0.11095659   0.22173087 
 0.1281250   0.11254330   0.21963159 
 0.1343750   0.11418132   0.21750271 
 0.1406250   0.11589813   0.21534377 
 0.1468750   0.11767817   0.21319283 
 0.1531250   0.11945987   0.21111078 
 0.1593750   0.12123278   0.20908910 
 0.1656250   0.12305267   0.20705656 
 0.1718750   0.12489116   0.20503606 
 0.1781250   0.12664827   0.20312832 
 0.1843750   0.12835556   0.20133458 
 0.1906250   0.13013376   0.19955371 
 0.1968750   0.13196090   0.19774278 
 0.2031250   0.13374429   0.19597965 
 0.2093750   0.13549356   0.19430764 
 0.2156250   0.13720441   0.19268159 
 0.2218750   0.13882516   0.19108074 
 0.2281250   0.14040342   0.18955735 
 0.2343750   0.14200296   0.18810922 
 0.2406250   0.14353039   0.18664458 
 0.2468750   0.14494080   0.18515435 
 0.2531250   0.14632524   0.18373564 
 0.2593750   0.14766261   0.18240425 
 0.2656250   0.14884165   0.18108465 
 0.2718750   0.14989579   0.17977123 
 0.2781250   0.15094698   0.17851382 
 0.2843750   0.15193986   0.17727484 
 0.2906250   0.15279954   0.17599997 
 0.2968750   0.15356270   0.17473401 
 0.3031250   0.15421003   0.17349813 
 0.3093750   0.15466224   0.17221132 
 0.3156250   0.15494590   0.17086239 
 0.3218750   0.15518608   0.16953753 
 0.3281250   0.15531990   0.16822199 
 0.3343750   0.15524002   0.16681820 
 0.3406250   0.15498910   0.16536694 
 0.3468750   0.15473344   0.16397235 
 0.3531250   0.15439510   0.16255470 
 0.3593750   0.15385127   0.16098289 
 0.3656250   0.15311695   0.15929039 
 0.3718750   0.15218291   0.15756326 
 0.3781250   0.15094123   0.15561562 
 0.3843750   0.14935110   0.15333727 
 0.3906250   0.14739750   0.15070562 
 0.3968750   0.14507021   0.14772348 
 0.4031250   0.14236282   0.14442979 
 0.4093750   0.13927250   0.14096128 
 0.4156250   0.13579789   0.13723652 
 0.4218750   0.13193825   0.13317854 
 0.4281250   0.12769306   0.12876585 
 0.4343750   0.12306205   0.12398702 
 0.4406250   0.11804548   0.11883251 
 0.4468750   0.11264442   0.11329695 
 0.4531250   0.10686059   0.10737827 
 0.4593750   0.10069510   0.10107648 
 0.4656250   0.09414814   0.09439304 
 0.4718750   0.08721928   0.08733286 
 0.4781250   0.07990762   0.07992556 
 0.4843750   0.07221487   0.07222354 
 0.4906250   0.06415322   0.06416453 
 0.4968750   0.05575169   0.05576662 
 0.0031250   0.29534140   0.33374293 
 0.0093750   0.29534140   0.33374293 
 0.0156250   0.29499738   0.33342367 
 0.0218750   0.29447682   0.33297492 
 0.0281250   0.29395109   0.33259142 
 0.0343750   0.29328626   0.33213744 
 0.0406250   0.29253040   0.33155647 
 0.0468750   0.29178819   0.33087711 
 0.0531250   0.29101963   0.33011832 
 0.0593750   0.29019266   0.32930377 
 0.0656250   0.28936994   0.32847057 
 0.0718750   0.28861043   0.32759657 
 0.0781250   0.28792405   0.32664557 
 0.0843750   0.28731279   0.32566026 
 0.0906250   0.28676655   0.32470210 
 0.0968750   0.28626510   0.32374776 
 0.1031250   0.28581667   0.32276858 
 0.1093750   0.28546379   0.32178731 
 0.1156250   0.28523400   0.32078565 
 0.1218750   0.28510837   0.31973165 
 0.1281250   0.28503247   0.31870325 
 0.1343750   0.28498668   0.31776655 
 0.1406250   0.28500915   0.31681253 
 0.1468750   0.28512788   0.31573572 
 0.1531250   0.28532792   0.31463726 
 0.1593750   0.28559110   0.31365009 
 0.1656250   0.28591752   0.31272766 
 0.1718750   0.28628996   0.31179549 
 0.1781250   0.28669893   0.31090658 
 0.1843750   0.28716714   0.31008527 
 0.1906250   0.28766772   0.30925953 
 0.1968750   0.28811016   0.30842110 
 0.2031250   0.28849428   0.30762276 
 0.2093750   0.28891792   0.30682357 
 0.2156250   0.28939579   0.30595324 
 0.2218750   0.28982934   0.30507528 
 0.2281250   0.29019111   0.30430889 
 0.2343750   0.29054940   0.30363477 
 0.2406250   0.29087159   0.30289879 
 0.2468750   0.29104209   0.30201778 
 0.2531250   0.29104812   0.30105303 
 0.2593750   0.29104721   0.30015670 
 0.2656250   0.29114027   0.29931665 
 0.2718750   0.29095828   0.29831184 
 0.2781250   0.29041521   0.29703628 
 0.2843750   0.28949619   0.29544752 
 0.2906250   0.28819693   0.29351644 
 0.2968750   0.28651641   0.29123074 
 0.3031250   0.28445553   0.28859154 
 0.3093750   0.28201768   0.28561258 
 0.3156250   0.27921169   0.28231724 
 0.3218750   0.27606159   0.27875875 
 0.3281250   0.27265723   0.27514215 
 0.3343750   0.26942201   0.27156514 
 0.3406250   0.26596408   0.26778313 
 0.3468750   0.26214461   0.26371051 
 0.3531250   0.25794705   0.25932036 
 0.3593750   0.25336641   0.25458732 
 0.3656250   0.24840056   0.24949237 
 0.3718750   0.24304835   0.24402697 
 0.3781250   0.23730924   0.23818515 
 0.3843750   0.23118331   0.23196121 
 0.3906250   0.22467121   0.22535203 
 0.3968750   0.21777446   0.21835608 
 0.4031250   0.21049604   0.21097256 
 0.4093750   0.20283724   0.20320138 
 0.4156250   0.19479519   0.19504312 
 0.4218750   0.18636735   0.18649960 
 0.4281250   0.17755232   0.17757903 
 0.4343750   0.16834976   0.16835610 
 0.4406250   0.15876043   0.15876528 
 0.4468750   0.14878569   0.14879755 
 0.4531250   0.13842537   0.13846267 
 0.4593750   0.12768024   0.12776418 
 0.4656250   0.11655255   0.11669524 
 0.4718750   0.10504835   0.10524995 
 0.4781250   0.09319879   0.09342447 
 0.4843750   0.08103797   0.08122059 
 0.4906250   0.06855371   0.06864824 
 0.4968750   0.05573794   0.05575267 
 0.0031250   0.43133889   0.44740399 
 0.0093750   0.43133889   0.44740399 
 0.0156250   0.43128175   0.44727105 
 0.0218750   0.43115532   0.44704142 
 0.0281250   0.43099646   0.44679558 
 0.0343750   0.43081189   0.44651618 
 0.0406250   0.43058943   0.44614426 
 0.0468750   0.43036325   0.44571442 
 0.0531250   0.43016923   0.44530367 
 0.0593750   0.42997538   0.44489173 
 0.0656250   0.42974689   0.44442572 
 0.0718750   0.42950720   0.44392297 
 0.0781250   0.42926209   0.44339565 
 0.0843750   0.42896340   0.44279962 
 0.0906250   0.42860421   0.44211922 
 0.0968750   0.42824913   0.44138466 
 0.1031250   0.42793118   0.44061386 
 0.1093750   0.42762265   0.43983336 
 0.1156250   0.42731719   0.43910180 
 0.1218750   0.42701802   0.43841149 
 0.1281250   0.42666442   0.43765347 
 0.1343750   0.42619775   0.43676011 
 0.1406250   0.42563534   0.43573513 
 0.1468750   0.42500643   0.43460749 
 0.1531250   0.42430141   0.43343228 
 0.1593750   0.42356758   0.43228053 
 0.1656250   0.42291014   0.43115988 
 0.1718750   0.42232793   0.43005529 
 0.1781250   0.42174695   0.42900962 
 0.1843750   0.42122484   0.42804338 
 0.1906250   0.42084687   0.42713258 
 0.1968750   0.42051483   0.42631480 
 0.2031250   0.42001205   0.42554562 
 0.2093750   0.41930248   0.42452326 
 0.2156250   0.41835274   0.42317661 
 0.2218750   0.41709018   0.42150145 
 0.2281250   0.41548899   0.41953126 
 0.2343750   0.41355560   0.41728600 
 0.2406250   0.41133214   0.41473377 
 0.2468750   0.40886135   0.41187245 
 0.2531250   0.40614983   0.40876968 
 0.2593750   0.40329766   0.40579086 
 0.2656250   0.40064711   0.40298498 
 0.2718750   0.39811184   0.40006651 
 0.2781250   0.39522714   0.39692516 
 0.2843750   0.39196679   0.39350547 
 0.2906250   0.38832552   0.38972434 
 0.2968750   0.38430094   0.38556424 
 0.3031250   0.37989057   0.38102210 
 0.3093750   0.37509270   0.37609823 
 0.3156250   0.36990653   0.37079287 
 0.3218750   0.36433165   0.36510613 
 0.3281250   0.35836790   0.35903788 
 0.3343750   0.35201523   0.35258657 
 0.3406250   0.34527366   0.34575109 
 0.3468750   0.33814312   0.33853191 
 0.3531250   0.33062362   0.33092982 
 0.3593750   0.32271517   0.32294528 
 0.3656250   0.31441777   0.31458051 
 0.3718750   0.30573149   0.30583691 
 0.3781250   0.29665646   0.29671436 
 0.3843750   0.28719276   0.28721683 
 0.3906250   0.27734052   0.27734820 
 0.3968750   0.26710000   0.26710494 
 0.4031250   0.25647153   0.25648552 
 0.4093750   0.24545498   0.24555604 
 0.4156250   0.23405065   0.23436640 
 0.4218750   0.22226000   0.22279745 
 0.4281250   0.21008713   0.21084380 
 0.4343750   0.19755326   0.19850386 
 0.4406250   0.18498688   0.18577730 
 0.4468750   0.17211589   0.17266448 
 0.4531250   0.15886968   0.15916720 
 0.4593750   0.14523997   0.14529499 
 0.4656250   0.13122546   0.13123211 
 0.4718750   0.11682787   0.11684008 
 0.4781250   0.10204953   0.10211361 
 0.4843750   0.08689875   0.08702402 
 0.4906250   0.07141008   0.07156716 
 0.4968750   0.05573716   0.05575530 
