 0.0031250   0.00000000   0.05818222 
 0.0093750   0.00000000   0.05818222 
 0.0156250   0.00000000   0.05779314 
 0.0218750   0.00000000   0.05749982 
 0.0281250   0.00000000   0.05707247 
 0.0343750   0.00000000   0.05632058 
 0.0406250   0.00000000   0.05575619 
 0.0468750   0.00000000   0.05484868 
 0.0531250   0.00000000   0.05388530 
 0.0593750   0.00000000   0.05295753 
 0.0656250   0.00000000   0.05171555 
 0.0718750   0.00000000   0.05057009 
 0.0781250   0.00000000   0.04930233 
 0.0843750   0.00000000   0.04787125 
 0.0906250   0.00000000   0.04654565 
 0.0968750   0.00000000   0.04503791 
 0.1031250   0.00000000   0.04350657 
 0.1093750   0.00000000   0.04202561 
 0.1156250   0.00000000   0.04038881 
 0.1218750   0.00000000   0.03880950 
 0.1281250   0.00000000   0.03722408 
 0.1343750   0.00000000   0.03554595 
 0.1406250   0.00000000   0.03396532 
 0.1468750   0.00000000   0.03233031 
 0.1531250   0.00000000   0.03069292 
 0.1593750   0.00000000   0.02913336 
 0.1656250   0.00000000   0.02752024 
 0.1718750   0.00000000   0.02597123 
 0.1781250   0.00000000   0.02446253 
 0.1843750   0.00000000   0.02293949 
 0.1906250   0.00000000   0.02149909 
 0.1968750   0.00000000   0.02008624 
 0.2031250   0.00000000   0.01868610 
 0.2093750   0.00000000   0.01738580 
 0.2156250   0.00000000   0.01609290 
 0.2218750   0.00000000   0.01485173 
 0.2281250   0.00000000   0.01370656 
 0.2343750   0.00000000   0.01255463 
 0.2406250   0.00000000   0.01149814 
 0.2468750   0.00000000   0.01050290 
 0.2531250   0.00000000   0.00952116 
 0.2593750   0.00000000   0.00864276 
 0.2656250   0.00000000   0.00780606 
 0.2718750   0.00000000   0.00699626 
 0.2781250   0.00000000   0.00629251 
 0.2843750   0.00000000   0.00560707 
 0.2906250   0.00000000   0.00496571 
 0.2968750   0.00000000   0.00442058 
 0.3031250   0.00000000   0.00387467 
 0.3093750   0.00000000   0.00339204 
 0.3156250   0.00000000   0.00298393 
 0.3218750   0.00000000   0.00256343 
 0.3281250   0.00000000   0.00222298 
 0.3343750   0.00000000   0.00192320 
 0.3406250   0.00000000   0.00161352 
 0.3468750   0.00000000   0.00138947 
 0.3531250   0.00000000   0.00117264 
 0.3593750   0.00000000   0.00095854 
 0.3656250   0.00000000   0.00082404 
 0.3718750   0.00000000   0.00066646 
 0.3781250   0.00000000   0.00053423 
 0.3843750   0.00000000   0.00045926 
 0.3906250   0.00000000   0.00034353 
 0.3968750   0.00000000   0.00027866 
 0.4031250   0.00000000   0.00023271 
 0.4093750   0.00000000   0.00015338 
 0.4156250   0.00000000   0.00013885 
 0.4218750   0.00000000   0.00009586 
 0.4281250   0.00000000   0.00006181 
 0.4343750   0.00000000   0.00006261 
 0.4406250   0.00000000   0.00002627 
 0.4468750   0.00000000   0.00002500 
 0.4531250   0.00000000   0.00001763 
 0.4593750   0.00000000   0.00000509 
 0.4656250   0.00000000   0.00000565 
 0.4718750   0.00000000   0.00000322 
 0.4781250   0.00000000   0.00000052 
 0.4843750   0.00000000   0.00000024 
 0.4906250   0.00000000   0.00000024 
 0.4968750   0.00000000   0.00000041 
 0.0031250   0.06820044   0.14973275 
 0.0093750   0.06820044   0.14973275 
 0.0156250   0.06858901   0.14960965 
 0.0218750   0.06877480   0.14953529 
 0.0281250   0.06924779   0.14937924 
 0.0343750   0.06984212   0.14916563 
 0.0406250   0.07032233   0.14895348 
 0.0468750   0.07115194   0.14865553 
 0.0531250   0.07190752   0.14831747 
 0.0593750   0.07270780   0.14794948 
 0.0656250   0.07379345   0.14750628 
 0.0718750   0.07469516   0.14701768 
 0.0781250   0.07581675   0.14649969 
 0.0843750   0.07703022   0.14591006 
 0.0906250   0.07813066   0.14528148 
 0.0968750   0.07947379   0.14462984 
 0.1031250   0.08077265   0.14391460 
 0.1093750   0.08205452   0.14317735 
 0.1156250   0.08353543   0.14242592 
 0.1218750   0.08487536   0.14162164 
 0.1281250   0.08631948   0.14081646 
 0.1343750   0.08782792   0.14000151 
 0.1406250   0.08920565   0.13914893 
 0.1468750   0.09073733   0.13831396 
 0.1531250   0.09218830   0.13747272 
 0.1593750   0.09360699   0.13661278 
 0.1656250   0.09510523   0.13577905 
 0.1718750   0.09648685   0.13494233 
 0.1781250   0.09788134   0.13409916 
 0.1843750   0.09927813   0.13329055 
 0.1906250   0.10055517   0.13247498 
 0.1968750   0.10186289   0.13166610 
 0.2031250   0.10310011   0.13089422 
 0.2093750   0.10423810   0.13010377 
 0.2156250   0.10539704   0.12933550 
 0.2218750   0.10642371   0.12858946 
 0.2281250   0.10739516   0.12782737 
 0.2343750   0.10833954   0.12709112 
 0.2406250   0.10913480   0.12635978 
 0.2468750   0.10990035   0.12561046 
 0.2531250   0.11058605   0.12489228 
 0.2593750   0.11113520   0.12415288 
 0.2656250   0.11165951   0.12340840 
 0.2718750   0.11206571   0.12267708 
 0.2781250   0.11235702   0.12190912 
 0.2843750   0.11261472   0.12114399 
 0.2906250   0.11273025   0.12037152 
 0.2968750   0.11276096   0.11955142 
 0.3031250   0.11273506   0.11874057 
 0.3093750   0.11256328   0.11789059 
 0.3156250   0.11232488   0.11699051 
 0.3218750   0.11200610   0.11610041 
 0.3281250   0.11155116   0.11513492 
 0.3343750   0.11103454   0.11412954 
 0.3406250   0.11042623   0.11312458 
 0.3468750   0.10970286   0.11201881 
 0.3531250   0.10890560   0.11088743 
 0.3593750   0.10801618   0.10972791 
 0.3656250   0.10703390   0.10846580 
 0.3718750   0.10595543   0.10718355 
 0.3781250   0.10477897   0.10581357 
 0.3843750   0.10351421   0.10436106 
 0.3906250   0.10218295   0.10291486 
 0.3968750   0.10077676   0.10135825 
 0.4031250   0.09923234   0.09971745 
 0.4093750   0.09758028   0.09798921 
 0.4156250   0.09581274   0.09611367 
 0.4218750   0.09390383   0.09418036 
 0.4281250   0.09192348   0.09212034 
 0.4343750   0.08973974   0.08989746 
 0.4406250   0.08737490   0.08751602 
 0.4468750   0.08498876   0.08506800 
 0.4531250   0.08242298   0.08251159 
 0.4593750   0.07960051   0.07964831 
 0.4656250   0.07643480   0.07647576 
 0.4718750   0.07292446   0.07296122 
 0.4781250   0.06908241   0.06909332 
 0.4843750   0.06489153   0.06491470 
 0.4906250   0.06040455   0.06040715 
 0.4968750   0.05564959   0.05565478 
 0.0031250   0.20001372   0.22598615 
 0.0093750   0.20001372   0.22598615 
 0.0156250   0.20029683   0.22599075 
 0.0218750   0.20043878   0.22599292 
 0.0281250   0.20079228   0.22600057 
 0.0343750   0.20120487   0.22600580 
 0.0406250   0.20160240   0.22601300 
 0.0468750   0.20216251   0.22602103 
 0.0531250   0.20272466   0.22602893 
 0.0593750   0.20332251   0.22604052 
 0.0656250   0.20402483   0.22605236 
 0.0718750   0.20472227   0.22606561 
 0.0781250   0.20546202   0.22608622 
 0.0843750   0.20627126   0.22611027 
 0.0906250   0.20707366   0.22614290 
 0.0968750   0.20792285   0.22618887 
 0.1031250   0.20881793   0.22624661 
 0.1093750   0.20970535   0.22632112 
 0.1156250   0.21064900   0.22641706 
 0.1218750   0.21160857   0.22653259 
 0.1281250   0.21257853   0.22667570 
 0.1343750   0.21359650   0.22685206 
 0.1406250   0.21462406   0.22705908 
 0.1468750   0.21567064   0.22730139 
 0.1531250   0.21675204   0.22758588 
 0.1593750   0.21783611   0.22790331 
 0.1656250   0.21894440   0.22826008 
 0.1718750   0.22006518   0.22866361 
 0.1781250   0.22118470   0.22909369 
 0.1843750   0.22232457   0.22956397 
 0.1906250   0.22345133   0.23007362 
 0.1968750   0.22457391   0.23059257 
 0.2031250   0.22569234   0.23114931 
 0.2093750   0.22676755   0.23171536 
 0.2156250   0.22782707   0.23226287 
 0.2218750   0.22884410   0.23283598 
 0.2281250   0.22979838   0.23337703 
 0.2343750   0.23070585   0.23386895 
 0.2406250   0.23150702   0.23434095 
 0.2468750   0.23221209   0.23470657 
 0.2531250   0.23281774   0.23500172 
 0.2593750   0.23327975   0.23522440 
 0.2656250   0.23361054   0.23527784 
 0.2718750   0.23375998   0.23522080 
 0.2781250   0.23373046   0.23500641 
 0.2843750   0.23352784   0.23459508 
 0.2906250   0.23308698   0.23402953 
 0.2968750   0.23242398   0.23321778 
 0.3031250   0.23152323   0.23218469 
 0.3093750   0.23036998   0.23095063 
 0.3156250   0.22897526   0.22943813 
 0.3218750   0.22729037   0.22769205 
 0.3281250   0.22532970   0.22566291 
 0.3343750   0.22305382   0.22331904 
 0.3406250   0.22043396   0.22066137 
 0.3468750   0.21748398   0.21766463 
 0.3531250   0.21420307   0.21434770 
 0.3593750   0.21061009   0.21073866 
 0.3656250   0.20678081   0.20686815 
 0.3718750   0.20279798   0.20288764 
 0.3781250   0.19878613   0.19884209 
 0.3843750   0.19452558   0.19458524 
 0.3906250   0.18995874   0.18999641 
 0.3968750   0.18503160   0.18506625 
 0.4031250   0.17974167   0.17976777 
 0.4093750   0.17407699   0.17410132 
 0.4156250   0.16803854   0.16805839 
 0.4218750   0.16162233   0.16163927 
 0.4281250   0.15482759   0.15484295 
 0.4343750   0.14765492   0.14766825 
 0.4406250   0.14010521   0.14011471 
 0.4468750   0.13217981   0.13218325 
 0.4531250   0.12387785   0.12387839 
 0.4593750   0.11520180   0.11520212 
 0.4656250   0.10615578   0.10615621 
 0.4718750   0.09674411   0.09674483 
 0.4781250   0.08697289   0.08697458 
 0.4843750   0.07685328   0.07685508 
 0.4906250   0.06640452   0.06640684 
 0.4968750   0.05567792   0.05568314 
 0.0031250   0.32814366   0.33362830 
 0.0093750   0.32814366   0.33362830 
 0.0156250   0.32814500   0.33358302 
 0.0218750   0.32819122   0.33357765 
 0.0281250   0.32816450   0.33351130 
 0.0343750   0.32821852   0.33346693 
 0.0406250   0.32824958   0.33340918 
 0.0468750   0.32824297   0.33331039 
 0.0531250   0.32829854   0.33323035 
 0.0593750   0.32831286   0.33312580 
 0.0656250   0.32831902   0.33299440 
 0.0718750   0.32836176   0.33287336 
 0.0781250   0.32835443   0.33272373 
 0.0843750   0.32836339   0.33255821 
 0.0906250   0.32838520   0.33239841 
 0.0968750   0.32836247   0.33221880 
 0.1031250   0.32838480   0.33204213 
 0.1093750   0.32839144   0.33186157 
 0.1156250   0.32835057   0.33165539 
 0.1218750   0.32836715   0.33145940 
 0.1281250   0.32835644   0.33126547 
 0.1343750   0.32831722   0.33105817 
 0.1406250   0.32834383   0.33087168 
 0.1468750   0.32832102   0.33068465 
 0.1531250   0.32828349   0.33047861 
 0.1593750   0.32830513   0.33029806 
 0.1656250   0.32827278   0.33012578 
 0.1718750   0.32825187   0.32993731 
 0.1781250   0.32827583   0.32978325 
 0.1843750   0.32822431   0.32962465 
 0.1906250   0.32819459   0.32942986 
 0.1968750   0.32817068   0.32926571 
 0.2031250   0.32805609   0.32906722 
 0.2093750   0.32796446   0.32882098 
 0.2156250   0.32783689   0.32860895 
 0.2218750   0.32759534   0.32828569 
 0.2281250   0.32731286   0.32787729 
 0.2343750   0.32693208   0.32746500 
 0.2406250   0.32638742   0.32682236 
 0.2468750   0.32564637   0.32602047 
 0.2531250   0.32492401   0.32525910 
 0.2593750   0.32399701   0.32426504 
 0.2656250   0.32271370   0.32294960 
 0.2718750   0.32106367   0.32127091 
 0.2781250   0.31904967   0.31922055 
 0.2843750   0.31666861   0.31681299 
 0.2906250   0.31393346   0.31407471 
 0.2968750   0.31091906   0.31100887 
 0.3031250   0.30761690   0.30773521 
 0.3093750   0.30424028   0.30430330 
 0.3156250   0.30092677   0.30101213 
 0.3218750   0.29775114   0.29780131 
 0.3281250   0.29421447   0.29426296 
 0.3343750   0.29031362   0.29035260 
 0.3406250   0.28603561   0.28606628 
 0.3468750   0.28137559   0.28140238 
 0.3531250   0.27633522   0.27635516 
 0.3593750   0.27091024   0.27092688 
 0.3656250   0.26510067   0.26511555 
 0.3718750   0.25890794   0.25891917 
 0.3781250   0.25233066   0.25233912 
 0.3843750   0.24537028   0.24537446 
 0.3906250   0.23802558   0.23802719 
 0.3968750   0.23029699   0.23029776 
 0.4031250   0.22218552   0.22218613 
 0.4093750   0.21369218   0.21369259 
 0.4156250   0.20481763   0.20481797 
 0.4218750   0.19556283   0.19556310 
 0.4281250   0.18592881   0.18592909 
 0.4343750   0.17591683   0.17591728 
 0.4406250   0.16552841   0.16552935 
 0.4468750   0.15476414   0.15476902 
 0.4531250   0.14362619   0.14363927 
 0.4593750   0.13212216   0.13213804 
 0.4656250   0.12025494   0.12026662 
 0.4718750   0.10802469   0.10802997 
 0.4781250   0.09543468   0.09543585 
 0.4843750   0.08249443   0.08249518 
 0.4906250   0.06922503   0.06922626 
 0.4968750   0.05567775   0.05568297 
