 0.0031250   0.00000000 
 0.0093750   0.00000000 
 0.0156250   0.00000000 
 0.0218750   0.00000000 
 0.0281250   0.00000000 
 0.0343750   0.00000000 
 0.0406250   0.00000000 
 0.0468750   0.00000000 
 0.0531250   0.00000000 
 0.0593750   0.00000000 
 0.0656250   0.00000000 
 0.0718750   0.00000000 
 0.0781250   0.00000000 
 0.0843750   0.00000000 
 0.0906250   0.00000000 
 0.0968750   0.00000000 
 0.1031250   0.00000000 
 0.1093750   0.00000000 
 0.1156250   0.00000000 
 0.1218750   0.00000000 
 0.1281250   0.00000000 
 0.1343750   0.00000000 
 0.1406250   0.00000000 
 0.1468750   0.00000000 
 0.1531250   0.00000000 
 0.1593750   0.00000000 
 0.1656250   0.00000000 
 0.1718750   0.00000000 
 0.1781250   0.00000000 
 0.1843750   0.00000000 
 0.1906250   0.00000000 
 0.1968750   0.00000000 
 0.2031250   0.00000000 
 0.2093750   0.00000000 
 0.2156250   0.00000000 
 0.2218750   0.00000000 
 0.2281250   0.00000000 
 0.2343750   0.00000000 
 0.2406250   0.00000000 
 0.2468750   0.00000000 
 0.2531250   0.00000000 
 0.2593750   0.00000000 
 0.2656250   0.00000000 
 0.2718750   0.00000000 
 0.2781250   0.00000000 
 0.2843750   0.00000000 
 0.2906250   0.00000000 
 0.2968750   0.00000000 
 0.3031250   0.00000000 
 0.3093750   0.00000000 
 0.3156250   0.00000000 
 0.3218750   0.00000000 
 0.3281250   0.00000000 
 0.3343750   0.00000000 
 0.3406250   0.00000000 
 0.3468750   0.00000000 
 0.3531250   0.00000000 
 0.3593750   0.00000000 
 0.3656250   0.00000000 
 0.3718750   0.00000000 
 0.3781250   0.00000000 
 0.3843750   0.00000000 
 0.3906250   0.00000000 
 0.3968750   0.00000000 
 0.4031250   0.00000000 
 0.4093750   0.00000000 
 0.4156250   0.00000000 
 0.4218750   0.00000000 
 0.4281250   0.00000000 
 0.4343750   0.00000000 
 0.4406250   0.00000000 
 0.4468750   0.00000000 
 0.4531250   0.00000000 
 0.4593750   0.00000000 
 0.4656250   0.00000000 
 0.4718750   0.00000000 
 0.4781250   0.00000000 
 0.4843750   0.00000000 
 0.4906250   0.00000000 
 0.4968750   0.00000000 


 0.0031250   0.06425447 
 0.0093750   0.06425447 
 0.0156250   0.06370047 
 0.0218750   0.06297714 
 0.0281250   0.06244419 
 0.0343750   0.06152601 
 0.0406250   0.06037585 
 0.0468750   0.05948307 
 0.0531250   0.05832290 
 0.0593750   0.05702799 
 0.0656250   0.05581210 
 0.0718750   0.05455943 
 0.0781250   0.05313067 
 0.0843750   0.05170403 
 0.0906250   0.05035406 
 0.0968750   0.04882888 
 0.1031250   0.04728388 
 0.1093750   0.04579802 
 0.1156250   0.04426861 
 0.1218750   0.04262340 
 0.1281250   0.04105500 
 0.1343750   0.03954121 
 0.1406250   0.03784098 
 0.1468750   0.03625256 
 0.1531250   0.03473009 
 0.1593750   0.03308093 
 0.1656250   0.03148910 
 0.1718750   0.02998885 
 0.1781250   0.02844542 
 0.1843750   0.02689527 
 0.1906250   0.02542131 
 0.1968750   0.02402253 
 0.2031250   0.02256758 
 0.2093750   0.02111636 
 0.2156250   0.01990205 
 0.2218750   0.01852634 
 0.2281250   0.01722822 
 0.2343750   0.01607285 
 0.2406250   0.01491336 
 0.2468750   0.01374047 
 0.2531250   0.01267162 
 0.2593750   0.01169174 
 0.2656250   0.01072203 
 0.2718750   0.00969682 
 0.2781250   0.00894645 
 0.2843750   0.00809279 
 0.2906250   0.00727630 
 0.2968750   0.00657499 
 0.3031250   0.00595660 
 0.3093750   0.00527802 
 0.3156250   0.00468371 
 0.3218750   0.00419605 
 0.3281250   0.00371661 
 0.3343750   0.00320356 
 0.3406250   0.00282781 
 0.3468750   0.00250208 
 0.3531250   0.00212440 
 0.3593750   0.00179814 
 0.3656250   0.00159368 
 0.3718750   0.00135085 
 0.3781250   0.00108568 
 0.3843750   0.00093369 
 0.3906250   0.00081499 
 0.3968750   0.00061998 
 0.4031250   0.00049218 
 0.4093750   0.00044956 
 0.4156250   0.00033676 
 0.4218750   0.00022827 
 0.4281250   0.00021577 
 0.4343750   0.00016421 
 0.4406250   0.00008974 
 0.4468750   0.00008084 
 0.4531250   0.00005985 
 0.4593750   0.00002638 
 0.4656250   0.00002183 
 0.4718750   0.00001330 
 0.4781250   0.00000272 
 0.4843750   0.00000091 
 0.4906250   0.00000050 
 0.4968750   0.00000037 


 0.0031250   0.07426862 
 0.0093750   0.07426862 
 0.0156250   0.07419696 
 0.0218750   0.07433884 
 0.0281250   0.07426646 
 0.0343750   0.07441910 
 0.0406250   0.07474652 
 0.0468750   0.07494369 
 0.0531250   0.07536652 
 0.0593750   0.07595638 
 0.0656250   0.07655618 
 0.0718750   0.07722199 
 0.0781250   0.07806798 
 0.0843750   0.07900817 
 0.0906250   0.07990972 
 0.0968750   0.08095907 
 0.1031250   0.08212456 
 0.1093750   0.08326194 
 0.1156250   0.08445272 
 0.1218750   0.08575839 
 0.1281250   0.08707684 
 0.1343750   0.08836428 
 0.1406250   0.08975586 
 0.1468750   0.09117376 
 0.1531250   0.09254635 
 0.1593750   0.09395112 
 0.1656250   0.09541083 
 0.1718750   0.09683912 
 0.1781250   0.09819519 
 0.1843750   0.09967321 
 0.1906250   0.10105788 
 0.1968750   0.10239818 
 0.2031250   0.10376828 
 0.2093750   0.10511648 
 0.2156250   0.10637517 
 0.2218750   0.10760490 
 0.2281250   0.10884453 
 0.2343750   0.11001880 
 0.2406250   0.11103305 
 0.2468750   0.11215316 
 0.2531250   0.11314617 
 0.2593750   0.11399151 
 0.2656250   0.11485133 
 0.2718750   0.11568353 
 0.2781250   0.11633368 
 0.2843750   0.11688913 
 0.2906250   0.11749887 
 0.2968750   0.11796096 
 0.3031250   0.11821425 
 0.3093750   0.11848427 
 0.3156250   0.11876038 
 0.3218750   0.11874582 
 0.3281250   0.11861437 
 0.3343750   0.11859979 
 0.3406250   0.11840689 
 0.3468750   0.11789276 
 0.3531250   0.11744143 
 0.3593750   0.11705701 
 0.3656250   0.11631619 
 0.3718750   0.11531951 
 0.3781250   0.11449973 
 0.3843750   0.11357861 
 0.3906250   0.11226133 
 0.3968750   0.11078633 
 0.4031250   0.10949986 
 0.4093750   0.10782299 
 0.4156250   0.10568061 
 0.4218750   0.10346629 
 0.4281250   0.10196782 
 0.4343750   0.09970778 
 0.4406250   0.09670954 
 0.4468750   0.09296100 
 0.4531250   0.08844480 
 0.4593750   0.08315846 
 0.4656250   0.07710463 
 0.4718750   0.07028883 
 0.4781250   0.06272057 
 0.4843750   0.05441468 
 0.4906250   0.04538201 
 0.4968750   0.03568560 


 0.0031250   0.17601526 
 0.0093750   0.17601526 
 0.0156250   0.17562439 
 0.0218750   0.17527972 
 0.0281250   0.17483650 
 0.0343750   0.17417865 
 0.0406250   0.17342695 
 0.0468750   0.17265522 
 0.0531250   0.17172854 
 0.0593750   0.17067786 
 0.0656250   0.16960233 
 0.0718750   0.16849421 
 0.0781250   0.16721747 
 0.0843750   0.16593896 
 0.0906250   0.16467839 
 0.0968750   0.16331434 
 0.1031250   0.16190015 
 0.1093750   0.16054202 
 0.1156250   0.15917530 
 0.1218750   0.15771085 
 0.1281250   0.15631159 
 0.1343750   0.15497961 
 0.1406250   0.15356566 
 0.1468750   0.15218172 
 0.1531250   0.15089439 
 0.1593750   0.14961219 
 0.1656250   0.14829286 
 0.1718750   0.14704944 
 0.1781250   0.14592473 
 0.1843750   0.14470546 
 0.1906250   0.14354562 
 0.1968750   0.14253304 
 0.2031250   0.14146354 
 0.2093750   0.14040620 
 0.2156250   0.13945016 
 0.2218750   0.13854907 
 0.2281250   0.13761874 
 0.2343750   0.13668731 
 0.2406250   0.13591621 
 0.2468750   0.13509351 
 0.2531250   0.13422698 
 0.2593750   0.13347685 
 0.2656250   0.13275252 
 0.2718750   0.13196215 
 0.2781250   0.13118535 
 0.2843750   0.13048742 
 0.2906250   0.12975984 
 0.2968750   0.12897614 
 0.3031250   0.12821755 
 0.3093750   0.12748004 
 0.3156250   0.12669557 
 0.3218750   0.12585275 
 0.3281250   0.12500314 
 0.3343750   0.12415320 
 0.3406250   0.12326189 
 0.3468750   0.12225078 
 0.3531250   0.12121000 
 0.3593750   0.12024028 
 0.3656250   0.11914097 
 0.3718750   0.11779375 
 0.3781250   0.11648594 
 0.3843750   0.11531620 
 0.3906250   0.11377783 
 0.3968750   0.11198676 
 0.4031250   0.11048424 
 0.4093750   0.10870697 
 0.4156250   0.10630355 
 0.4218750   0.10405427 
 0.4281250   0.10234784 
 0.4343750   0.10004720 
 0.4406250   0.09698145 
 0.4468750   0.09314685 
 0.4531250   0.08855261 
 0.4593750   0.08321873 
 0.4656250   0.07714161 
 0.4718750   0.07031551 
 0.4781250   0.06273942 
 0.4843750   0.05441874 
 0.4906250   0.04538353 
 0.4968750   0.03568672 


 0.0031250   0.23232112 
 0.0093750   0.23232112 
 0.0156250   0.23204228 
 0.0218750   0.23168622 
 0.0281250   0.23133812 
 0.0343750   0.23089054 
 0.0406250   0.23027831 
 0.0468750   0.22965469 
 0.0531250   0.22906291 
 0.0593750   0.22838039 
 0.0656250   0.22761854 
 0.0718750   0.22692362 
 0.0781250   0.22627213 
 0.0843750   0.22555394 
 0.0906250   0.22483874 
 0.0968750   0.22425638 
 0.1031250   0.22368739 
 0.1093750   0.22306930 
 0.1156250   0.22257655 
 0.1218750   0.22216501 
 0.1281250   0.22174932 
 0.1343750   0.22136089 
 0.1406250   0.22110200 
 0.1468750   0.22089183 
 0.1531250   0.22064340 
 0.1593750   0.22050455 
 0.1656250   0.22044979 
 0.1718750   0.22038007 
 0.1781250   0.22031178 
 0.1843750   0.22036071 
 0.1906250   0.22040843 
 0.1968750   0.22041081 
 0.2031250   0.22046048 
 0.2093750   0.22055946 
 0.2156250   0.22059198 
 0.2218750   0.22057078 
 0.2281250   0.22059392 
 0.2343750   0.22056079 
 0.2406250   0.22042177 
 0.2468750   0.22022430 
 0.2531250   0.21997093 
 0.2593750   0.21958118 
 0.2656250   0.21899978 
 0.2718750   0.21826539 
 0.2781250   0.21732202 
 0.2843750   0.21617843 
 0.2906250   0.21475816 
 0.2968750   0.21304809 
 0.3031250   0.21113413 
 0.3093750   0.20897387 
 0.3156250   0.20645632 
 0.3218750   0.20363143 
 0.3281250   0.20067930 
 0.3343750   0.19746215 
 0.3406250   0.19387461 
 0.3468750   0.19001007 
 0.3531250   0.18607020 
 0.3593750   0.18217316 
 0.3656250   0.17822368 
 0.3718750   0.17402670 
 0.3781250   0.16954742 
 0.3843750   0.16485884 
 0.3906250   0.16006340 
 0.3968750   0.15518398 
 0.4031250   0.15025500 
 0.4093750   0.14546062 
 0.4156250   0.14105953 
 0.4218750   0.13718593 
 0.4281250   0.13343623 
 0.4343750   0.12908336 
 0.4406250   0.12405424 
 0.4468750   0.11828474 
 0.4531250   0.11176716 
 0.4593750   0.10450498 
 0.4656250   0.09648899 
 0.4718750   0.08779284 
 0.4781250   0.07834196 
 0.4843750   0.06815420 
 0.4906250   0.05726282 
 0.4968750   0.04574591 


 0.0031250   0.24837893 
 0.0093750   0.24837893 
 0.0156250   0.24806541 
 0.0218750   0.24770808 
 0.0281250   0.24732013 
 0.0343750   0.24680558 
 0.0406250   0.24615536 
 0.0468750   0.24546123 
 0.0531250   0.24474381 
 0.0593750   0.24394782 
 0.0656250   0.24307732 
 0.0718750   0.24218666 
 0.0781250   0.24130617 
 0.0843750   0.24039397 
 0.0906250   0.23942301 
 0.0968750   0.23848887 
 0.1031250   0.23759621 
 0.1093750   0.23665450 
 0.1156250   0.23572207 
 0.1218750   0.23484659 
 0.1281250   0.23399917 
 0.1343750   0.23314566 
 0.1406250   0.23229453 
 0.1468750   0.23156423 
 0.1531250   0.23081398 
 0.1593750   0.23007476 
 0.1656250   0.22940778 
 0.1718750   0.22880153 
 0.1781250   0.22818376 
 0.1843750   0.22759453 
 0.1906250   0.22708916 
 0.1968750   0.22659811 
 0.2031250   0.22608056 
 0.2093750   0.22561883 
 0.2156250   0.22522125 
 0.2218750   0.22475086 
 0.2281250   0.22426628 
 0.2343750   0.22384621 
 0.2406250   0.22337403 
 0.2468750   0.22276864 
 0.2531250   0.22217221 
 0.2593750   0.22154218 
 0.2656250   0.22069794 
 0.2718750   0.21965669 
 0.2781250   0.21856040 
 0.2843750   0.21724292 
 0.2906250   0.21561629 
 0.2968750   0.21378760 
 0.3031250   0.21178787 
 0.3093750   0.20949365 
 0.3156250   0.20688800 
 0.3218750   0.20404596 
 0.3281250   0.20099483 
 0.3343750   0.19772884 
 0.3406250   0.19414142 
 0.3468750   0.19022137 
 0.3531250   0.18625261 
 0.3593750   0.18235895 
 0.3656250   0.17837918 
 0.3718750   0.17416280 
 0.3781250   0.16969178 
 0.3843750   0.16498568 
 0.3906250   0.16016449 
 0.3968750   0.15530379 
 0.4031250   0.15036339 
 0.4093750   0.14554941 
 0.4156250   0.14117742 
 0.4218750   0.13727357 
 0.4281250   0.13352273 
 0.4343750   0.12918198 
 0.4406250   0.12412589 
 0.4468750   0.11835689 
 0.4531250   0.11185399 
 0.4593750   0.10459753 
 0.4656250   0.09658866 
 0.4718750   0.08781670 
 0.4781250   0.07834402 
 0.4843750   0.06815783 
 0.4906250   0.05727239 
 0.4968750   0.04575159 


 0.0031250   0.32372197 
 0.0093750   0.32372197 
 0.0156250   0.32363324 
 0.0218750   0.32350399 
 0.0281250   0.32335788 
 0.0343750   0.32321266 
 0.0406250   0.32301411 
 0.0468750   0.32275935 
 0.0531250   0.32253294 
 0.0593750   0.32227803 
 0.0656250   0.32199129 
 0.0718750   0.32168832 
 0.0781250   0.32138348 
 0.0843750   0.32106505 
 0.0906250   0.32071986 
 0.0968750   0.32036795 
 0.1031250   0.32000286 
 0.1093750   0.31962046 
 0.1156250   0.31922328 
 0.1218750   0.31881424 
 0.1281250   0.31837736 
 0.1343750   0.31793078 
 0.1406250   0.31747435 
 0.1468750   0.31697964 
 0.1531250   0.31646332 
 0.1593750   0.31594706 
 0.1656250   0.31540393 
 0.1718750   0.31480032 
 0.1781250   0.31417941 
 0.1843750   0.31354945 
 0.1906250   0.31286213 
 0.1968750   0.31211857 
 0.2031250   0.31138993 
 0.2093750   0.31063152 
 0.2156250   0.30977939 
 0.2218750   0.30886571 
 0.2281250   0.30796780 
 0.2343750   0.30703608 
 0.2406250   0.30600213 
 0.2468750   0.30492153 
 0.2531250   0.30385619 
 0.2593750   0.30277408 
 0.2656250   0.30161851 
 0.2718750   0.30044247 
 0.2781250   0.29931519 
 0.2843750   0.29816418 
 0.2906250   0.29689859 
 0.2968750   0.29557939 
 0.3031250   0.29433501 
 0.3093750   0.29312594 
 0.3156250   0.29185355 
 0.3218750   0.29061838 
 0.3281250   0.28951277 
 0.3343750   0.28832691 
 0.3406250   0.28694129 
 0.3468750   0.28550794 
 0.3531250   0.28459046 
 0.3593750   0.28304430 
 0.3656250   0.28078191 
 0.3718750   0.27776051 
 0.3781250   0.27396615 
 0.3843750   0.26939651 
 0.3906250   0.26405222 
 0.3968750   0.25793249 
 0.4031250   0.25103644 
 0.4093750   0.24336549 
 0.4156250   0.23492217 
 0.4218750   0.22570376 
 0.4281250   0.21571202 
 0.4343750   0.20494903 
 0.4406250   0.19341605 
 0.4468750   0.18111456 
 0.4531250   0.16804630 
 0.4593750   0.15421428 
 0.4656250   0.13962192 
 0.4718750   0.12427257 
 0.4781250   0.10816400 
 0.4843750   0.09136042 
 0.4906250   0.07391029 
 0.4968750   0.05578750 


 0.0031250   0.33372545 
 0.0093750   0.33372545 
 0.0156250   0.33358960 
 0.0218750   0.33344357 
 0.0281250   0.33325564 
 0.0343750   0.33302443 
 0.0406250   0.33275221 
 0.0468750   0.33243393 
 0.0531250   0.33207464 
 0.0593750   0.33170717 
 0.0656250   0.33129557 
 0.0718750   0.33083231 
 0.0781250   0.33034900 
 0.0843750   0.32986715 
 0.0906250   0.32932320 
 0.0968750   0.32873947 
 0.1031250   0.32816213 
 0.1093750   0.32756933 
 0.1156250   0.32690074 
 0.1218750   0.32621750 
 0.1281250   0.32556106 
 0.1343750   0.32484858 
 0.1406250   0.32407460 
 0.1468750   0.32331232 
 0.1531250   0.32255911 
 0.1593750   0.32173581 
 0.1656250   0.32086996 
 0.1718750   0.32002444 
 0.1781250   0.31914758 
 0.1843750   0.31819802 
 0.1906250   0.31723096 
 0.1968750   0.31627437 
 0.2031250   0.31526878 
 0.2093750   0.31422268 
 0.2156250   0.31315473 
 0.2218750   0.31203029 
 0.2281250   0.31086213 
 0.2343750   0.30971252 
 0.2406250   0.30851113 
 0.2468750   0.30721811 
 0.2531250   0.30593215 
 0.2593750   0.30469474 
 0.2656250   0.30338694 
 0.2718750   0.30201854 
 0.2781250   0.30073720 
 0.2843750   0.29947290 
 0.2906250   0.29805866 
 0.2968750   0.29659893 
 0.3031250   0.29524822 
 0.3093750   0.29394093 
 0.3156250   0.29255210 
 0.3218750   0.29120514 
 0.3281250   0.29003499 
 0.3343750   0.28880397 
 0.3406250   0.28723745 
 0.3468750   0.28587616 
 0.3531250   0.28479762 
 0.3593750   0.28324075 
 0.3656250   0.28093916 
 0.3718750   0.27787451 
 0.3781250   0.27404932 
 0.3843750   0.26945983 
 0.3906250   0.26409759 
 0.3968750   0.25796223 
 0.4031250   0.25105713 
 0.4093750   0.24337888 
 0.4156250   0.23492605 
 0.4218750   0.22570452 
 0.4281250   0.21571247 
 0.4343750   0.20494941 
 0.4406250   0.19341646 
 0.4468750   0.18111507 
 0.4531250   0.16804728 
 0.4593750   0.15421526 
 0.4656250   0.13962284 
 0.4718750   0.12427816 
 0.4781250   0.10823444 
 0.4843750   0.09144816 
 0.4906250   0.07392577 
 0.4968750   0.05579005 


